
[[ 7 83 62 90 37 72 35 85]
 [53 58 14 53  2 26 47  3]
 [34 66 82 77 49 84 73 29]
 [ 4 22 64 43 17 29 89 17]
 [17 21 35 54 38 28 42 10]]

[[37 86 91  1 58 79 49  5 45 94]
 [19 95 36 54 57 80 36 67 11 39]
 [91 21 78 29 91 33 68 20 15 53]
 [95 83 67 33 98 36 70 64 89 17]
 [82 57 93 60 10 61 46 56 34 67]]

[1 5 6 8]

[[ 4 54 76]
 [64  5 43]
 [26 59 43]]

[[15]]

[[12 35]
 [50 13]
 [37 14]
 [ 8 13]
 [37 89]]

[[5]
[6]
[0]]

[[81 78 36 26  9 77 86 25]
 [ 0 90 73 42 22 65 52 55]
 [ 5 43 36 22 13 29  5 10]
 [24 15 44 19 25 81  6 76]
 [82 15 11 24 95 15 27 86]
 [59  0 16 62 28 91 19 22]
 [63 59 95 91 41 35 39 86]]

[]

[[61 90]
 [71 39]
 [12 64]
 [91 31]
 [51 36]
 [47  4]
 [49 67]
 [ 9 33]
 [52 26]
 [10 31]]
